63.037, -23.627, 99.604
62.937, -23.623, 99.608
62.837, -23.62, 99.613
62.737, -23.616, 99.619
62.637, -23.613, 99.624
62.537, -23.61, 99.63
62.437, -23.607, 99.635
62.337, -23.604, 99.64
62.237, -23.601, 99.645
62.137, -23.598, 99.65
62.038, -23.595, 99.655
61.938, -23.592, 99.66
61.838, -23.59, 99.663
61.738, -23.587, 99.668
61.638, -23.584, 99.673
61.538, -23.582, 99.677
61.438, -23.58, 99.682
61.338, -23.577, 99.686
61.238, -23.575, 99.691
61.138, -23.573, 99.694
61.038, -23.571, 99.698
60.938, -23.569, 99.702
60.838, -23.567, 99.706
60.738, -23.565, 99.71
60.638, -23.563, 99.715
60.538, -23.561, 99.717
60.438, -23.56, 99.721
60.338, -23.558, 99.725
60.238, -23.557, 99.729
60.138, -23.555, 99.733
60.038, -23.554, 99.735
59.938, -23.552, 99.739
59.838, -23.551, 99.743
59.738, -23.55, 99.746
59.638, -23.548, 99.749
59.538, -23.547, 99.752
59.438, -23.546, 99.755
59.338, -23.545, 99.759
59.238, -23.544, 99.761
59.138, -23.543, 99.765
59.038, -23.542, 99.768
58.938, -23.542, 99.771
58.838, -23.541, 99.773
58.738, -23.54, 99.776
58.638, -23.539, 99.78
58.538, -23.539, 99.783
58.438, -23.538, 99.785
58.338, -23.538, 99.788
58.238, -23.537, 99.791
58.138, -23.537, 99.793
58.038, -23.536, 99.796
57.938, -23.536, 99.799
57.838, -23.536, 99.802
57.738, -23.536, 99.804
57.638, -23.535, 99.806
57.538, -23.535, 99.809
57.438, -23.535, 99.811
57.338, -23.535, 99.814
57.238, -23.535, 99.817
57.138, -23.535, 99.818
57.038, -23.535, 99.821
56.938, -23.535, 99.824
56.838, -23.535, 99.825
56.738, -23.536, 99.828
56.638, -23.536, 99.831
56.538, -23.536, 99.832
56.438, -23.536, 99.835
56.338, -23.537, 99.837
56.238, -23.537, 99.839
56.138, -23.538, 99.841
56.038, -23.538, 99.844
55.938, -23.539, 99.845
55.838, -23.539, 99.848
55.738, -23.54, 99.85
55.638, -23.54, 99.852
55.538, -23.541, 99.854
55.438, -23.542, 99.856
55.338, -23.542, 99.858
55.238, -23.543, 99.86
55.138, -23.544, 99.862
55.038, -23.544, 99.864
54.938, -23.545, 99.866
54.838, -23.546, 99.868
54.738, -23.547, 99.87
54.638, -23.548, 99.872
54.538, -23.549, 99.874
54.438, -23.55, 99.876
54.338, -23.551, 99.877
54.238, -23.552, 99.879
54.138, -23.553, 99.881
54.038, -23.554, 99.883
53.938, -23.555, 99.885
53.838, -23.556, 99.886
53.738, -23.557, 99.888
53.638, -23.559, 99.89
53.538, -23.56, 99.892
53.438, -23.561, 99.894
53.338, -23.562, 99.896
53.238, -23.564, 99.897
53.138, -23.565, 99.899
53.038, -23.566, 99.9
52.938, -23.568, 99.902
52.838, -23.569, 99.904
52.738, -23.57, 99.906
52.638, -23.572, 99.908
52.538, -23.573, 99.909
52.438, -23.575, 99.911
52.338, -23.576, 99.913
52.238, -23.578, 99.914
52.138, -23.579, 99.916
52.038, -23.581, 99.917
51.938, -23.582, 99.919
51.838, -23.584, 99.92
51.738, -23.585, 99.922
51.638, -23.587, 99.924
51.538, -23.589, 99.925
51.438, -23.59, 99.927
51.338, -23.592, 99.928
51.238, -23.594, 99.93
51.138, -23.595, 99.932
51.038, -23.597, 99.933
50.938, -23.599, 99.935
50.838, -23.601, 99.936
50.738, -23.602, 99.938
50.638, -23.604, 99.94
50.539, -23.606, 99.941
50.439, -23.608, 99.943
50.339, -23.609, 99.944
50.239, -23.611, 99.946
50.139, -23.613, 99.948
50.039, -23.615, 99.949
49.939, -23.617, 99.951
49.839, -23.619, 99.952
49.739, -23.621, 99.954
49.639, -23.622, 99.955
49.539, -23.624, 99.957
49.439, -23.626, 99.958
49.339, -23.628, 99.959
49.239, -23.63, 99.961
49.139, -23.632, 99.962
49.039, -23.634, 99.964
48.939, -23.636, 99.966
48.839, -23.638, 99.967
48.739, -23.64, 99.969
48.639, -23.642, 99.97
48.539, -23.644, 99.972
48.439, -23.646, 99.974
48.339, -23.648, 99.975
48.239, -23.65, 99.977
48.139, -23.652, 99.978
48.039, -23.654, 99.979
47.939, -23.656, 99.981
47.839, -23.658, 99.982
47.739, -23.66, 99.984
47.639, -23.662, 99.985
47.539, -23.664, 99.987
47.439, -23.666, 99.989
47.339, -23.668, 99.99
47.239, -23.67, 99.992
47.139, -23.672, 99.994
47.039, -23.674, 99.995
46.939, -23.676, 99.997
46.839, -23.678, 99.998
46.739, -23.68, 100
46.639, -23.682, 99.998
46.539, -23.684, 99.997
46.439, -23.687, 99.995
46.339, -23.689, 99.994
46.239, -23.691, 99.992
46.139, -23.693, 99.99
46.039, -23.695, 99.989
45.939, -23.697, 99.987
45.839, -23.699, 99.985
45.739, -23.701, 99.984
45.639, -23.703, 99.982
45.539, -23.705, 99.98
45.44, -23.707, 99.979
45.34, -23.709, 99.977
45.24, -23.711, 99.976
45.14, -23.713, 99.974
45.04, -23.715, 99.972
44.94, -23.717, 99.971
44.84, -23.719, 99.969
44.74, -23.721, 99.967
44.64, -23.723, 99.966
44.54, -23.725, 99.964
44.44, -23.727, 99.962
44.34, -23.729, 99.96
44.24, -23.731, 99.958
44.14, -23.733, 99.956
44.04, -23.735, 99.955
43.94, -23.736, 99.953
43.84, -23.738, 99.951
43.74, -23.74, 99.949
43.64, -23.742, 99.947
43.54, -23.744, 99.945
43.44, -23.746, 99.943
43.34, -23.748, 99.941
43.24, -23.749, 99.939
43.14, -23.751, 99.937
43.04, -23.753, 99.935
42.94, -23.755, 99.933
42.84, -23.757, 99.931
42.74, -23.758, 99.929
42.64, -23.76, 99.927
42.54, -23.762, 99.925
42.44, -23.764, 99.923
42.34, -23.765, 99.921
42.24, -23.767, 99.919
42.14, -23.769, 99.916
42.04, -23.77, 99.915
41.94, -23.772, 99.912
41.84, -23.773, 99.91
41.74, -23.775, 99.907
41.64, -23.777, 99.906
41.54, -23.778, 99.903
41.44, -23.78, 99.9
41.34, -23.781, 99.898
41.24, -23.782, 99.895
41.14, -23.784, 99.893
41.04, -23.785, 99.891
40.94, -23.787, 99.888
40.84, -23.788, 99.885
40.74, -23.789, 99.884
40.64, -23.791, 99.881
40.54, -23.792, 99.878
40.44, -23.793, 99.875
40.34, -23.794, 99.872
40.24, -23.796, 99.87
40.14, -23.797, 99.867
40.04, -23.798, 99.864
39.94, -23.799, 99.861
39.84, -23.8, 99.858
39.74, -23.801, 99.855
39.64, -23.802, 99.852
39.54, -23.803, 99.85
39.44, -23.804, 99.846
39.34, -23.805, 99.843
39.24, -23.806, 99.84
39.14, -23.807, 99.836
39.04, -23.808, 99.833
38.94, -23.808, 99.83
38.84, -23.809, 99.826
38.74, -23.81, 99.824
38.64, -23.81, 99.82
38.54, -23.811, 99.816
38.44, -23.812, 99.813
38.34, -23.812, 99.809
38.24, -23.813, 99.805
38.14, -23.813, 99.801
38.04, -23.813, 99.797
37.94, -23.814, 99.793
37.84, -23.814, 99.789
37.74, -23.814, 99.785
37.64, -23.814, 99.781
37.54, -23.815, 99.776
37.44, -23.815, 99.772
37.34, -23.815, 99.767
37.24, -23.815, 99.763
37.14, -23.815, 99.758
37.04, -23.815, 99.753
36.94, -23.814, 99.749
36.84, -23.814, 99.744
36.74, -23.814, 99.739
36.64, -23.813, 99.734
36.54, -23.813, 99.729
36.44, -23.813, 99.723
36.34, -23.812, 99.718
36.24, -23.811, 99.713
36.14, -23.811, 99.705
36.04, -23.81, 99.7
35.94, -23.809, 99.694
35.84, -23.808, 99.688
35.74, -23.808, 99.682
35.64, -23.806, 99.676
35.54, -23.805, 99.67
35.44, -23.804, 99.661
35.34, -23.803, 99.655
35.24, -23.802, 99.648
35.14, -23.8, 99.641
35.04, -23.799, 99.632
34.94, -23.797, 99.625
34.84, -23.796, 99.617
34.74, -23.794, 99.61
34.64, -23.792, 99.6
34.541, -23.79, 99.592
34.441, -23.789, 99.795
34.341, -23.791, 99.79
34.241, -23.794, 99.785
34.141, -23.797, 99.78
34.041, -23.8, 99.774
33.941, -23.802, 99.767
33.841, -23.805, 99.762
33.741, -23.807, 99.755
33.641, -23.81, 99.749
33.541, -23.812, 99.742
33.441, -23.815, 99.735
33.341, -23.817, 99.727
33.241, -23.819, 99.72
33.141, -23.821, 99.712
33.041, -23.823, 99.703
32.941, -23.825, 99.695
32.841, -23.827, 99.687
32.741, -23.829, 99.677
32.641, -23.831, 99.669
32.541, -23.833, 99.659
32.441, -23.835, 99.648
32.341, -23.836, 99.637
32.241, -23.838, 99.626
32.141, -23.839, 99.615
32.041, -23.84, 99.604
31.941, -23.842, 99.593
31.841, -23.843, 99.581
31.741, -23.844, 99.568
31.641, -23.845, 99.556
31.541, -23.846, 99.543
31.441, -23.847, 99.529
31.341, -23.847, 99.516
31.241, -23.848, 99.502
31.141, -23.848, 99.489
31.041, -23.848, 99.476
30.941, -23.849, 99.462
30.841, -23.849, 99.45
30.741, -23.849, 99.437
30.641, -23.848, 99.424
30.541, -23.848, 99.413
30.441, -23.848, 99.403
30.341, -23.847, 99.394
30.241, -23.846, 99.387
30.141, -23.846, 99.382
30.041, -23.845, 99.378
29.941, -23.843, 99.378
29.841, -23.842, 99.381
29.741, -23.841, 99.387
29.641, -23.839, 99.397
29.541, -23.837, 99.413
29.441, -23.836, 99.434
29.341, -23.834, 99.457
29.241, -23.832, 99.491
29.141, -23.829, 99.528
29.041, -23.827, 99.569
28.941, -23.825, 99.621
28.841, -23.822, 99.673
28.741, -23.82, 99.735
28.641, -23.817, 99.801
28.541, -23.814, 99.871
28.442, -23.812, 99.944
28.342, -23.809, 99.982
28.242, -23.806, 99.908
28.142, -23.803, 99.834
28.042, -23.801, 99.769
27.942, -23.798, 99.7
27.842, -23.796, 99.635
27.742, -23.793, 99.575
27.642, -23.791, 99.52
27.542, -23.788, 99.476
27.442, -23.786, 99.433
27.342, -23.784, 99.4
27.242, -23.782, 99.372
27.142, -23.781, 99.35
27.042, -23.779, 99.333
26.942, -23.778, 99.321
26.842, -23.776, 99.314
26.742, -23.775, 99.312
26.642, -23.774, 99.312
26.542, -23.774, 99.317
26.442, -23.773, 99.323
26.342, -23.772, 99.333
26.242, -23.772, 99.343
26.142, -23.772, 99.356
26.042, -23.772, 99.369
25.942, -23.772, 99.383
25.842, -23.772, 99.249
25.742, -23.773, 99.105
25.642, -23.773, 98.961
25.542, -23.774, 98.817
25.442, -23.774, 98.672
25.342, -23.775, 98.528
25.242, -23.776, 98.383
25.142, -23.777, 98.238
25.042, -23.779, 98.092
24.942, -23.78, 97.947
24.842, -23.781, 97.801
24.742, -23.783, 97.655
24.642, -23.785, 97.509
24.542, -23.786, 97.362
24.442, -23.788, 97.215
24.354, -23.833, 97.07
24.266, -23.882, 97.124
24.179, -23.931, 97.176
24.093, -23.981, 97.243
24.007, -24.032, 97.291
23.921, -24.083, 97.338
23.835, -24.134, 97.383
23.75, -24.187, 97.441
23.664, -24.239, 97.482
23.58, -24.292, 97.522
23.495, -24.346, 97.561
23.411, -24.4, 97.611
23.327, -24.454, 97.647
23.244, -24.509, 97.682
23.161, -24.565, 97.715
23.078, -24.621, 97.748
22.995, -24.677, 97.779
22.912, -24.734, 97.809
22.83, -24.791, 97.838
22.749, -24.848, 97.867
22.667, -24.906, 97.894
22.586, -24.964, 97.921
22.505, -25.023, 97.946
22.424, -25.082, 97.971
22.344, -25.141, 97.995
22.263, -25.201, 98.018
22.184, -25.261, 98.04
22.104, -25.322, 98.062
22.025, -25.383, 98.082
21.945, -25.444, 98.102
21.867, -25.505, 98.122
21.788, -25.567, 98.141
21.71, -25.629, 98.159
21.632, -25.692, 98.176
21.554, -25.755, 98.193
21.476, -25.818, 98.209
21.399, -25.881, 98.219
21.322, -25.945, 98.235
21.245, -26.009, 98.249
21.169, -26.074, 98.263
21.093, -26.138, 98.277
21.017, -26.203, 98.29
20.941, -26.269, 98.298
20.865, -26.334, 98.31
20.79, -26.4, 98.322
20.715, -26.466, 98.333
20.641, -26.533, 98.344
20.566, -26.6, 98.351
20.492, -26.667, 98.361
20.418, -26.734, 98.371
20.344, -26.802, 98.38
20.271, -26.869, 98.386
20.198, -26.938, 98.394
20.125, -27.006, 98.402
20.052, -27.075, 98.41
19.979, -27.143, 98.415
19.907, -27.213, 98.422
19.835, -27.282, 98.428
19.764, -27.352, 98.435
19.692, -27.422, 98.439
19.621, -27.492, 98.444
19.55, -27.562, 98.45
19.479, -27.633, 98.453
19.409, -27.704, 98.458
19.338, -27.775, 98.462
19.269, -27.847, 98.465
19.199, -27.918, 98.469
19.129, -27.99, 98.472
19.06, -28.062, 98.474
18.991, -28.135, 98.477
18.922, -28.208, 98.48
18.854, -28.28, 98.481
18.786, -28.354, 98.483
18.718, -28.427, 98.485
18.65, -28.501, 98.486
18.583, -28.574, 98.488
18.515, -28.648, 98.489
18.449, -28.723, 98.489
18.382, -28.797, 98.49
18.315, -28.872, 98.49
18.249, -28.947, 98.49
18.183, -29.022, 98.49
18.118, -29.098, 98.489
18.052, -29.173, 98.489
17.987, -29.249, 98.488
17.922, -29.325, 98.487
17.858, -29.402, 98.485
17.793, -29.478, 98.484
17.729, -29.555, 98.482
17.665, -29.632, 98.48
17.602, -29.709, 98.479
17.539, -29.786, 98.476
17.476, -29.864, 98.473
17.413, -29.942, 98.471
17.35, -30.02, 98.467
17.288, -30.098, 98.465
17.226, -30.177, 98.461
17.165, -30.256, 98.458
17.103, -30.335, 98.454
17.042, -30.414, 98.449
16.981, -30.493, 98.446
16.921, -30.573, 98.441
16.861, -30.653, 98.438
16.801, -30.733, 98.432
16.741, -30.813, 98.426
16.681, -30.893, 98.422
16.622, -30.974, 98.416
16.564, -31.055, 98.412
16.505, -31.136, 98.405
16.447, -31.217, 98.398
16.389, -31.299, 98.393
16.331, -31.38, 98.386
16.274, -31.462, 98.381
16.217, -31.545, 98.373
16.16, -31.627, 98.368
16.104, -31.709, 98.359
16.048, -31.792, 98.35
15.992, -31.875, 98.344
15.936, -31.958, 98.335
15.881, -32.042, 98.329
15.826, -32.125, 98.319
15.772, -32.209, 98.309
15.718, -32.293, 98.303
15.664, -32.378, 98.292
15.61, -32.462, 98.285
15.557, -32.547, 98.274
15.504, -32.632, 98.263
15.452, -32.717, 98.255
15.399, -32.802, 98.243
15.347, -32.887, 98.235
15.296, -32.973, 98.223
15.245, -33.059, 98.21
15.194, -33.145, 98.202
15.143, -33.231, 98.189
15.093, -33.318, 98.18
15.043, -33.405, 98.166
14.994, -33.492, 98.152
14.945, -33.579, 98.142
14.896, -33.666, 98.128
14.848, -33.754, 98.118
14.8, -33.841, 98.103
14.753, -33.929, 98.087
14.705, -34.018, 98.077
14.659, -34.106, 98.06
14.612, -34.195, 98.05
14.566, -34.283, 98.033
14.521, -34.372, 98.016
14.475, -34.462, 98.004
14.431, -34.551, 97.987
14.386, -34.641, 97.969
14.342, -34.73, 97.956
14.299, -34.82, 97.938
14.256, -34.911, 97.925
14.213, -35.001, 97.906
14.171, -35.092, 97.886
14.129, -35.182, 97.873
14.087, -35.273, 97.853
14.046, -35.365, 97.832
14.006, -35.456, 97.818
13.966, -35.548, 97.796
13.926, -35.64, 97.775
13.887, -35.732, 97.76
13.848, -35.824, 97.738
13.81, -35.916, 97.715
13.773, -36.009, 97.699
13.735, -36.102, 97.676
13.699, -36.195, 97.652
13.662, -36.288, 97.636
13.627, -36.381, 97.611
13.592, -36.475, 97.586
13.557, -36.569, 97.561
13.523, -36.663, 97.543
13.489, -36.757, 97.517
13.456, -36.851, 97.491
13.423, -36.946, 97.473
13.391, -37.041, 97.446
13.36, -37.135, 97.418
13.329, -37.231, 97.39
13.298, -37.326, 97.371
13.269, -37.421, 97.342
13.239, -37.517, 97.313
13.211, -37.613, 97.283
13.183, -37.709, 97.263
13.155, -37.805, 97.233
13.128, -37.901, 97.202
13.102, -37.998, 97.171
13.077, -38.094, 97.15
13.052, -38.191, 97.118
13.027, -38.288, 97.086
13.004, -38.385, 97.053
12.98, -38.483, 97.031
12.958, -38.58, 96.998
12.936, -38.678, 96.965
12.915, -38.775, 96.931
12.895, -38.873, 96.896
12.875, -38.971, 96.873
12.856, -39.07, 96.839
12.838, -39.168, 96.803
12.82, -39.266, 96.768
12.804, -39.365, 96.732
12.787, -39.464, 96.696
12.772, -39.562, 96.672
12.757, -39.661, 96.635
12.744, -39.76, 96.599
12.73, -39.859, 96.562
12.718, -39.959, 96.525
12.707, -40.058, 96.487
12.696, -40.157, 96.462
12.686, -40.257, 96.425
12.677, -40.357, 96.387
12.668, -40.456, 96.349
12.661, -40.556, 96.312
12.654, -40.656, 96.274
12.648, -40.756, 96.236
12.644, -40.855, 96.198
12.639, -40.955, 96.16
12.636, -41.055, 96.135
12.634, -41.155, 96.097
12.632, -41.255, 96.06
12.632, -41.355, 96.022
12.632, -41.455, 95.985
12.633, -41.555, 95.948
12.636, -41.655, 95.912
12.639, -41.755, 95.875
12.643, -41.855, 95.839
12.648, -41.955, 95.804
12.654, -42.055, 95.769
12.661, -42.155, 95.745
12.668, -42.254, 95.711
12.677, -42.354, 95.678
12.687, -42.453, 95.645
12.698, -42.553, 95.612
12.71, -42.652, 95.58
12.722, -42.751, 95.549
12.736, -42.85, 95.519
12.751, -42.949, 95.49
12.767, -43.048, 95.462
12.784, -43.146, 95.434
12.802, -43.245, 95.408
12.82, -43.343, 95.382
12.84, -43.441, 95.358
12.861, -43.539, 95.335
12.883, -43.636, 95.313
12.906, -43.734, 95.299
12.93, -43.831, 95.279
12.955, -43.928, 95.26
12.982, -44.024, 95.243
13.009, -44.12, 95.227
13.037, -44.216, 95.212
13.066, -44.312, 95.199
13.097, -44.407, 95.188
13.128, -44.502, 95.177
13.16, -44.597, 95.169
13.194, -44.691, 95.162
13.228, -44.785, 95.156
13.264, -44.878, 95.153
13.3, -44.971, 95.151
13.338, -45.064, 95.15
13.376, -45.156, 95.151
13.416, -45.248, 95.153
13.457, -45.34, 95.157
13.498, -45.431, 95.162
13.541, -45.521, 95.17
13.584, -45.611, 95.179
13.629, -45.701, 95.186
13.675, -45.79, 95.198
13.721, -45.878, 95.211
13.769, -45.966, 95.226
13.817, -46.053, 95.243
13.866, -46.14, 95.262
13.917, -46.227, 95.275
13.968, -46.313, 95.296
14.02, -46.398, 95.319
14.073, -46.483, 95.343
14.127, -46.567, 95.36
14.182, -46.651, 95.387
14.238, -46.734, 95.415
14.295, -46.816, 95.444
14.352, -46.898, 95.465
14.41, -46.979, 95.497
14.469, -47.06, 95.53
14.529, -47.14, 95.564
14.595, -47.209, 99.76
14.695, -47.216, 99.761
14.795, -47.223, 99.762
14.895, -47.23, 99.762
14.994, -47.237, 99.763
15.094, -47.243, 99.764
15.194, -47.25, 99.765
15.294, -47.257, 99.766
15.394, -47.263, 99.766
15.493, -47.27, 99.767
15.593, -47.276, 99.768
15.693, -47.283, 99.769
15.793, -47.289, 99.769
15.893, -47.295, 99.77
15.992, -47.301, 99.771
16.092, -47.308, 99.772
16.192, -47.314, 99.772
16.292, -47.32, 99.773
16.392, -47.326, 99.774
16.491, -47.332, 99.775
16.591, -47.338, 99.776
16.691, -47.344, 99.776
16.791, -47.349, 99.777
16.891, -47.355, 99.778
16.991, -47.361, 99.778
17.09, -47.367, 99.779
17.19, -47.372, 99.78
17.29, -47.378, 99.781
17.39, -47.383, 99.782
17.49, -47.389, 99.783
17.59, -47.394, 99.783
17.69, -47.4, 99.784
17.789, -47.405, 99.785
17.889, -47.41, 99.786
17.989, -47.415, 99.786
18.089, -47.421, 99.787
18.189, -47.426, 99.788
18.289, -47.431, 99.789
18.389, -47.436, 99.79
18.488, -47.441, 99.79
18.588, -47.446, 99.791
18.688, -47.451, 99.792
18.788, -47.455, 99.793
18.888, -47.46, 99.794
18.988, -47.465, 99.794
19.088, -47.47, 99.795
19.188, -47.474, 99.796
19.288, -47.479, 99.797
19.387, -47.483, 99.798
19.487, -47.488, 99.798
19.587, -47.492, 99.799
19.687, -47.497, 99.8
19.787, -47.501, 99.801
19.887, -47.506, 99.802
19.987, -47.51, 99.803
20.087, -47.514, 99.804
20.187, -47.518, 99.804
20.287, -47.522, 99.805
20.387, -47.527, 99.806
20.486, -47.531, 99.807
20.586, -47.535, 99.808
20.686, -47.539, 99.808
20.786, -47.543, 99.809
20.886, -47.546, 99.81
20.986, -47.55, 99.811
21.086, -47.554, 99.812
21.186, -47.558, 99.813
21.286, -47.562, 99.814
21.386, -47.565, 99.814
21.486, -47.569, 99.815
21.586, -47.572, 99.816
21.686, -47.576, 99.817
21.786, -47.58, 99.818
21.885, -47.583, 99.819
21.985, -47.586, 99.82
22.085, -47.59, 99.82
22.185, -47.593, 99.821
22.285, -47.596, 99.822
22.385, -47.6, 99.823
22.485, -47.603, 99.824
22.585, -47.606, 99.825
22.685, -47.609, 99.825
22.785, -47.612, 99.826
22.885, -47.615, 99.827
22.985, -47.618, 99.804
23.085, -47.621, 99.661
23.185, -47.624, 99.518
23.285, -47.627, 99.374
23.385, -47.63, 99.231
23.485, -47.633, 99.087
23.585, -47.636, 98.943
23.685, -47.638, 98.798
23.785, -47.641, 98.654
23.885, -47.644, 98.509
23.984, -47.646, 98.364
24.084, -47.649, 98.219
24.184, -47.652, 98.074
24.284, -47.654, 97.928
24.384, -47.657, 97.782
24.484, -47.659, 97.636
24.584, -47.662, 97.49
24.684, -47.664, 97.343
24.784, -47.666, 97.197
24.884, -47.669, 97.05
24.984, -47.671, 96.903
25.084, -47.673, 96.755
25.184, -47.675, 96.608
25.284, -47.677, 96.46
25.384, -47.68, 96.312
25.484, -47.682, 96.163
25.584, -47.684, 96.015
25.684, -47.686, 95.866
25.784, -47.688, 95.717
25.884, -47.69, 95.568
25.984, -47.692, 95.419
26.084, -47.694, 95.269
26.184, -47.695, 95.119
26.284, -47.697, 94.969
26.384, -47.699, 94.818
26.484, -47.701, 94.668
26.584, -47.703, 94.517
26.684, -47.704, 94.366
26.784, -47.706, 94.215
26.884, -47.708, 94.063
26.984, -47.709, 93.911
27.084, -47.711, 93.759
27.184, -47.712, 93.607
27.284, -47.714, 93.454
27.384, -47.715, 93.301
27.484, -47.717, 93.148
27.584, -47.718, 92.995
27.684, -47.72, 92.841
27.784, -47.721, 92.688
27.884, -47.722, 92.533
27.984, -47.724, 92.379
28.084, -47.725, 92.225
28.184, -47.726, 92.07
28.284, -47.727, 91.915
28.384, -47.729, 91.759
28.484, -47.73, 91.603
28.584, -47.731, 91.448
28.684, -47.732, 91.291
28.784, -47.733, 91.135
28.884, -47.734, 90.978
28.984, -47.735, 90.821
29.084, -47.736, 90.664
29.184, -47.737, 90.506
29.284, -47.738, 90.349
29.384, -47.739, 90.191
29.484, -47.74, 90.032
29.584, -47.741, 89.874
29.684, -47.742, 89.715
29.784, -47.742, 89.555
29.884, -47.743, 89.396
29.984, -47.744, 89.236
30.084, -47.745, 89.076
30.184, -47.745, 88.916
30.284, -47.746, 88.755
30.384, -47.747, 88.594
30.484, -47.747, 88.433
30.584, -47.748, 88.272
30.684, -47.749, 88.11
30.784, -47.749, 87.948
30.884, -47.75, 87.785
30.984, -47.75, 87.622
31.084, -47.751, 87.459
31.184, -47.751, 87.296
31.284, -47.752, 87.133
31.384, -47.752, 86.969
31.484, -47.752, 86.804
31.584, -47.753, 86.64
31.684, -47.753, 86.475
31.784, -47.754, 86.31
31.884, -47.754, 86.144
31.984, -47.754, 85.978
32.084, -47.754, 85.812
32.184, -47.755, 85.646
32.284, -47.755, 85.479
32.384, -47.755, 85.312
32.484, -47.755, 85.145
32.584, -47.756, 84.977
32.684, -47.756, 84.809
32.784, -47.756, 84.64
32.884, -47.756, 84.472
32.984, -47.756, 84.302
33.084, -47.756, 84.133
33.184, -47.756, 83.963
33.284, -47.756, 83.793
33.384, -47.756, 83.623
33.484, -47.756, 83.452
33.584, -47.756, 83.281
33.684, -47.756, 83.109
33.784, -47.756, 82.937
33.884, -47.756, 82.765
33.984, -47.756, 82.592
34.084, -47.756, 82.419
34.184, -47.756, 82.246
34.284, -47.756, 82.072
34.384, -47.756, 81.898
34.484, -47.756, 81.724
34.584, -47.755, 81.549
34.684, -47.755, 81.374
34.784, -47.755, 81.198
34.884, -47.755, 81.022
34.984, -47.754, 80.846
35.084, -47.754, 80.669
35.184, -47.754, 80.492
35.284, -47.754, 80.315
35.384, -47.753, 80.137
35.484, -47.753, 79.959
35.584, -47.753, 79.78
35.684, -47.752, 79.601
35.784, -47.752, 79.422
35.884, -47.752, 79.242
35.984, -47.751, 79.061
36.084, -47.751, 78.881
36.184, -47.751, 78.7
36.284, -47.75, 78.518
36.384, -47.75, 78.336
36.484, -47.749, 78.154
36.584, -47.749, 77.971
36.684, -47.748, 77.788
36.784, -47.748, 77.604
36.884, -47.748, 77.42
36.984, -47.747, 77.235
37.084, -47.747, 77.05
37.184, -47.746, 76.865
37.284, -47.746, 76.679
37.384, -47.745, 76.493
37.484, -47.744, 76.306
37.584, -47.744, 76.119
37.684, -47.743, 75.931
37.784, -47.743, 75.743
37.884, -47.742, 75.554
37.984, -47.742, 75.365
38.084, -47.741, 75.176
38.184, -47.74, 74.985
38.284, -47.74, 74.795
38.384, -47.739, 74.604
38.484, -47.739, 74.412
38.584, -47.738, 74.22
38.684, -47.737, 74.028
38.784, -47.737, 73.835
38.884, -47.736, 73.641
38.984, -47.735, 73.447
39.084, -47.735, 73.253
39.184, -47.734, 73.058
39.284, -47.733, 72.862
39.384, -47.733, 72.666
39.484, -47.732, 72.469
39.584, -47.731, 72.272
39.684, -47.731, 72.074
39.784, -47.73, 71.876
39.884, -47.729, 71.677
39.984, -47.728, 71.478
40.084, -47.728, 71.278
40.184, -47.727, 71.078
40.284, -47.726, 70.877
40.383, -47.726, 70.675
40.483, -47.725, 70.473
40.583, -47.724, 70.27
40.683, -47.723, 70.067
40.783, -47.723, 69.863
40.883, -47.722, 69.658
40.983, -47.721, 69.453
41.083, -47.72, 69.247
41.183, -47.72, 69.041
41.283, -47.719, 68.834
41.383, -47.718, 68.626
41.483, -47.717, 68.418
41.583, -47.717, 68.209
41.683, -47.716, 67.999
41.783, -47.715, 67.789
41.883, -47.714, 67.578
41.983, -47.713, 67.367
42.083, -47.713, 67.155
42.183, -47.712, 66.942
42.283, -47.711, 66.728
42.383, -47.71, 66.514
42.483, -47.71, 66.299
42.583, -47.709, 66.084
42.683, -47.708, 65.867
42.783, -47.707, 65.65
42.883, -47.707, 65.433
42.983, -47.706, 65.214
43.083, -47.705, 64.995
43.183, -47.704, 64.775
43.283, -47.704, 64.554
43.383, -47.703, 64.333
43.483, -47.702, 64.111
43.583, -47.701, 63.888
43.683, -47.701, 63.664
43.783, -47.7, 63.44
43.883, -47.699, 63.214
43.983, -47.698, 62.988
44.083, -47.698, 62.761
44.183, -47.697, 62.533
44.283, -47.696, 62.305
44.383, -47.695, 62.075
44.483, -47.695, 61.845
44.583, -47.694, 61.614
44.683, -47.693, 61.382
44.783, -47.693, 61.149
44.883, -47.692, 60.915
44.983, -47.691, 60.68
45.083, -47.69, 60.445
45.183, -47.69, 60.208
45.283, -47.689, 59.971
45.383, -47.688, 59.732
45.483, -47.688, 59.493
45.583, -47.687, 59.253
45.683, -47.686, 59.011
45.783, -47.686, 58.769
45.883, -47.685, 58.526
45.983, -47.684, 58.281
46.083, -47.684, 58.036
46.183, -47.683, 57.789
46.283, -47.683, 57.542
46.383, -47.682, 57.293
46.483, -47.681, 57.044
46.583, -47.681, 56.793
46.683, -47.68, 56.541
46.783, -47.68, 56.288
46.883, -47.679, 56.034
46.983, -47.679, 55.779
47.083, -47.678, 55.523
47.183, -47.677, 55.265
47.283, -47.677, 55.006
47.383, -47.676, 54.746
47.483, -47.676, 54.485
47.583, -47.675, 54.222
47.683, -47.675, 53.959
47.783, -47.674, 53.693
47.883, -47.674, 53.427
47.983, -47.673, 53.159
48.083, -47.673, 52.89
48.183, -47.673, 52.62
48.283, -47.672, 52.348
48.383, -47.672, 52.074
48.483, -47.671, 51.8
48.583, -47.671, 51.523
48.683, -47.671, 51.246
48.783, -47.67, 50.966
48.883, -47.67, 50.686
48.983, -47.67, 50.403
49.083, -47.669, 50.119
49.183, -47.669, 49.834
49.283, -47.669, 49.547
49.383, -47.668, 49.258
49.483, -47.668, 48.967
49.583, -47.668, 48.675
49.683, -47.668, 48.381
49.783, -47.667, 48.085
49.883, -47.667, 47.787
49.983, -47.667, 47.488
50.083, -47.667, 47.186
50.183, -47.666, 46.883
50.283, -47.666, 46.578
50.383, -47.666, 46.27
50.483, -47.666, 45.961
50.583, -47.666, 45.649
50.683, -47.666, 45.336
50.783, -47.666, 45.02
50.883, -47.666, 44.702
50.983, -47.666, 44.381
51.083, -47.666, 44.059
51.183, -47.666, 43.734
51.283, -47.666, 43.406
51.383, -47.666, 43.076
51.483, -47.666, 42.743
51.583, -47.666, 42.408
51.683, -47.666, 42.07
51.783, -47.666, 41.73
51.883, -47.666, 41.386
51.983, -47.666, 41.04
52.083, -47.666, 40.691
52.183, -47.666, 40.339
52.283, -47.666, 39.983
52.383, -47.667, 39.625
52.483, -47.667, 39.263
52.583, -47.667, 38.898
52.683, -47.667, 38.529
52.783, -47.668, 38.157
52.883, -47.668, 37.781
52.983, -47.668, 37.402
53.083, -47.668, 37.018
53.183, -47.669, 36.631
53.283, -47.669, 36.239
53.383, -47.669, 35.843
53.483, -47.67, 35.443
53.583, -47.67, 35.038
53.683, -47.671, 34.628
53.783, -47.671, 34.214
53.883, -47.672, 33.794
53.983, -47.672, 33.369
54.083, -47.673, 32.939
54.183, -47.673, 32.503
54.283, -47.674, 32.061
54.383, -47.674, 31.612
54.483, -47.675, 31.158
54.583, -47.676, 30.696
54.683, -47.676, 30.228
54.783, -47.677, 29.752
54.883, -47.678, 29.268
54.983, -47.678, 28.777
55.083, -47.679, 28.276
55.183, -47.68, 27.767
55.283, -47.681, 27.248
55.383, -47.681, 26.72
55.483, -47.682, 26.18
55.583, -47.683, 25.629
55.683, -47.684, 25.066
55.783, -47.685, 24.49
55.883, -47.686, 23.901
55.983, -47.687, 23.296
56.083, -47.688, 22.675
56.183, -47.689, 22.037
56.283, -47.69, 21.379
56.383, -47.691, 20.701
56.483, -47.692, 20
56.576, -47.693, 0
56.576, -47.693, 0
76.575, -47.913, 0
endData
142.7
100
200
63.037, -23.627, 54.154, -23.304, 42.363, -23.95, 34.449, -23.788
34.449, -23.788, 28.521, -23.958, 28.715, -23.708, 24.434, -23.788
24.434, -23.788, 17.651, -27.503, 8.606, -39.456, 14.582, -47.208
14.582, -47.208, 28.472, -48.178, 42.04, -47.531, 56.576, -47.693
#PATH.JERRYIO-DATA {"appVersion":"0.8.3","format":"LemLib v0.5","gc":{"robotWidth":11.811023622047244,"robotHeight":11.811023622047244,"robotIsHolonomic":true,"showRobot":true,"uol":2.54,"pointDensity":0.1,"controlMagnetDistance":1.968503937007874,"fieldImage":{"displayName":"V5RC 2025 - High Stakes","signature":"V5RC 2025 - High Stakes","origin":{"__type":"built-in"}},"coordinateSystem":"VEX Gaming Positioning System"},"paths":[{"segments":[{"controls":[{"uid":"SquZ5rAGP7","x":63.037,"y":-23.627,"lock":false,"visible":true,"heading":90,"__type":"end-point"},{"uid":"JaTK8OowRl","x":54.1536956328382,"y":-23.303791475500756,"lock":false,"visible":true,"__type":"control"},{"uid":"fboY7dfS7M","x":42.362894567468395,"y":-23.9498627667539,"lock":false,"visible":true,"__type":"control"},{"uid":"FVKMgWAo1e","x":34.44852124961743,"y":-23.788344943940615,"lock":false,"visible":true,"heading":90,"__type":"end-point"}],"speedProfiles":[],"lookaheadKeyframes":[],"uid":"ktoRKPkWco"},{"controls":[{"uid":"FVKMgWAo1e","x":34.44852124961743,"y":-23.788344943940615,"lock":false,"visible":true,"heading":90,"__type":"end-point"},{"uid":"lJmJE50Q2F","x":28.520795437590877,"y":-23.958000078074875,"lock":false,"visible":true,"__type":"control"},{"uid":"eqblZbYcyV","x":28.71463853974581,"y":-23.70758603253397,"lock":false,"visible":true,"__type":"control"},{"uid":"TwDnkU1i6n","x":24.434416235193755,"y":-23.788344943940615,"lock":false,"visible":true,"heading":90,"__type":"end-point"}],"speedProfiles":[],"lookaheadKeyframes":[],"uid":"6rv5TK07sZ"},{"controls":[{"uid":"TwDnkU1i6n","x":24.434416235193755,"y":-23.788344943940615,"lock":false,"visible":true,"heading":90,"__type":"end-point"},{"uid":"JVzyfm0gwl","x":17.650667677035784,"y":-27.50325486864617,"lock":false,"visible":true,"__type":"control"},{"uid":"v77fBymi6N","x":8.60566959949182,"y":-39.45557375682927,"lock":false,"visible":true,"__type":"control"},{"uid":"lC124TnRRX","x":14.581829043583367,"y":-47.208429251866946,"lock":false,"visible":true,"heading":90,"__type":"end-point"}],"speedProfiles":[],"lookaheadKeyframes":[],"uid":"GlbRhTWvQ1"},{"controls":[{"uid":"lC124TnRRX","x":14.581829043583367,"y":-47.208429251866946,"lock":false,"visible":true,"heading":90,"__type":"end-point"},{"uid":"TTbZdmQrWI","x":28.472361805525882,"y":-48.17753618874665,"lock":false,"visible":true,"__type":"control"},{"uid":"7WGO7RLjRl","x":42.03985892184182,"y":-47.531464897493514,"lock":false,"visible":true,"__type":"control"},{"uid":"PFQkBIcqnw","x":56.57646297503747,"y":-47.6929827203068,"lock":false,"visible":true,"heading":90,"__type":"end-point"}],"speedProfiles":[],"lookaheadKeyframes":[],"uid":"CdBT3H0VmT"}],"pc":{"speedLimit":{"minLimit":{"value":0,"label":"0"},"maxLimit":{"value":127,"label":"127"},"step":1,"from":20,"to":100},"bentRateApplicableRange":{"minLimit":{"value":0,"label":"0"},"maxLimit":{"value":1,"label":"1"},"step":0.001,"from":0,"to":0.717},"maxDecelerationRate":142.7},"name":"Path","uid":"45PtBPSaCC","lock":false,"visible":true}]}